local assetHelper = asset.require('util/asset_helper')
local transforms = asset.require('scene/solarsystem/sun/transforms')


local speck = asset.syncedResource({
    Name = "Grids Speck Files",
    Type = "HttpSynchronization",
    Identifier = "digitaluniverse_grids_speck",
    Version = 1
})

local ecliptic = {
    Name = "Ecliptic Sphere",
    Parent = transforms.SolarSystemBarycenter.Name,
    Renderable = {
        Type = "RenderableSphericalGrid",
        Enabled = false,
        GridColor = { 0.7, 0.0, 0.0, 0.5},
        LineWidth = 2.0,
        Radius = 9.46377307652E17;
        GridMatrix = { -0.05487554,  0.4941095, -0.8676661   , 0.0,
                       -0.9938214 , -0.1109906, -0.0003515167, 0.0,
                       -0.09647644,  0.8622859,  0.4971472   , 0.0,
                        0.0       ,  0.0      ,  0.0         , 1.0 }
    },
    GuiPath = "/Other/Grids"
}

local eclipticLabels = {
    Name = "Ecliptic Sphere Labels",
    Parent = transforms.SolarSystemBarycenter.Name,
    Renderable = {
        Type = "RenderableBillboardsCloud",
        Enabled = false,
        Color = { 1.0, 1.0, 1.0 },
        Transparency = 0.65,
        LabelFile = speck .. "/eclip.label",
        TextColor = { 0.5, 0.5, 0.5, 1.0 },
        TextSize = 15.4,
        TextMinSize = 5.0,
        Unit = "pc",
        TransformationMatrix = {
            -0.05487554,  0.4941095, -0.8676661,    0.0,
            -0.9938214 , -0.1109906, -0.0003515167, 0.0,
            -0.09647644,  0.8622859,  0.4971472,    0.0,
            0.0,          0.0,        0.0,          1.0
        }
    },
    GuiPath = "/Other/Grids"
}

local equatorial = {
    Name = "Equatorial Sphere",
    Parent = transforms.SolarSystemBarycenter.Name,
    Renderable = {
        Type = "RenderableSphericalGrid",
        Enabled = false,
        GridColor = { 0.0, 0.0, 1.0, 0.8},
        LineWidth = 2.0,
        Radius = 6.2440846E17,
        GridMatrix = { -0.05487554,  0.4941095, -0.8676661, 0.0,
                       -0.8734371 , -0.4448296, -0.1980764, 0.0,
                       -0.483835  ,  0.7469823,  0.4559838, 0.0,
                        0.0       ,  0.0      ,  0.0      , 1.0 },
    },
    GuiPath = "/Other/Grids"
}

local equatorialLabels = {
    Name = "Equatorial Sphere Labels",
    Parent = transforms.SolarSystemBarycenter.Name,
    Renderable = {
        Type = "RenderableBillboardsCloud",
        Enabled = false,
        Color = { 1.0, 1.0, 1.0 },
        Transparency = 0.65,
        LabelFile = speck .. "/radec.label",
        TextColor = { 0.5, 0.5, 0.5, 1.0 },
        TextSize = 15.3,
        TextMinSize = 5.0,
        Unit = "pc",
        TransformationMatrix = {
            -0.05487554,  0.4941095, -0.8676661,    0.0,
            -0.9938214 , -0.1109906, -0.0003515167, 0.0,
            -0.09647644,  0.8622859,  0.4971472,    0.0,
            0.0,          0.0,        0.0,          1.0
        }
    },
    GuiPath = "/Other/Grids"
}

local galactic = {
    Name = "Galactic Sphere",
    Parent = transforms.SolarSystemBarycenter.Name,
    Renderable = {
        Type = "RenderableSphericalGrid",
        Enabled = false,
        LineWidth = 2.0,
        Radius = 9.46377307652E18;
        GridColor = { 0.0, 0.6, 0.6, 0.6}
    },
    GuiPath = "/Other/Grids"
}

local galacticLabels = {
    Name = "Galactic Sphere Labels",
    Parent = transforms.SolarSystemBarycenter.Name,
    Renderable = {
        Type = "RenderableBillboardsCloud",
        Enabled = false,
        Color = { 1.0, 1.0, 1.0 },
        Transparency = 0.65,
        LabelFile = speck .. "/galac.label",
        TextColor = { 0.5, 0.5, 0.5, 1.0 },
        TextSize = 16.25,
        TextMinSize = 5.0,
        Unit = "pc"
    },
    GuiPath = "/Other/Grids"
}

local plane100kly = {
    Name = "100kly Grid",
    Renderable = {
        Type = "RenderableDUMeshes",
        Enabled = false,
        Color = { 1.0, 1.0, 1.0 },
        Transparency = 0.4,
        ScaleFactor = 1.0,
        File = speck .. "/100kly.speck",
        MeshColor = {{ 0.1, 0.5, 0.6 }},
        LabelFile = speck .. "/100kly.label",
        TextColor = { 0.0, 0.2, 0.5, 1.0 },
        TextSize = 18.6,
        TextMinSize = 7.0,
        Unit = "Mpc"
    },
    GuiPath = "/Other/Grids"
}

local plane1Mly = {
    Name = "1Mly Grid",
    Renderable = {
        Type = "RenderableDUMeshes",
        Enabled = false,
        Color = { 1.0, 1.0, 1.0 },
        Transparency = 0.4,
        ScaleFactor = 1.0,
        File = speck .. "/1Mly.speck",
        MeshColor = {{ 0.1, 0.5, 0.6 }},
        LabelFile = speck .. "/1Mly.label",
        TextColor = { 0.0, 0.2, 0.5, 1.0 },
        TextSize = 19.6,
        TextMinSize = 7.0,
        Unit = "Mpc"
    },
    GuiPath = "/Other/Grids"
}

local plane10Mly = {
    Name = "10Mly Grid",
    Renderable = {
        Type = "RenderableDUMeshes",
        Enabled = false,
        Color = { 1.0, 1.0, 1.0 },
        Transparency = 0.4,
        ScaleFactor = 1.0,
        File = speck .. "/10Mly.speck",
        MeshColor = {{ 0.1, 0.5, 0.6 }},
        LabelFile = speck .. "/10Mly.label",
        TextColor = { 0.0, 0.2, 0.5, 1.0 },
        TextSize = 20.6,
        TextMinSize = 7.0,
        Unit = "Mpc"
    },
    GuiPath = "/Other/Grids"
}

local plane100Mly = {
    Name = "100Mly Grid",
    Renderable = {
        Type = "RenderableDUMeshes",
        Enabled = false,
        Color = { 1.0, 1.0, 1.0 },
        Transparency = 0.4,
        ScaleFactor = 1.0,
        File = speck .. "/100Mly.speck",
        MeshColor = {{ 0.1, 0.5, 0.6 }},
        LabelFile = speck .. "/100Mly.label",
        TextColor = { 0.0, 0.2, 0.5, 1.0 },
        TextSize = 21.6,
        TextMinSize = 7.0,
        Unit = "Mpc"
    },
    GuiPath = "/Other/Grids"
}

local plane20Gly = {
    Name = "20Gly Grid",
    Renderable = {
        Type = "RenderableDUMeshes",
        Enabled = false,
        Color = { 1.0, 1.0, 1.0 },
        Transparency = 0.4,
        ScaleFactor = 1.0,
        File = speck .. "/20Gly.speck",
        MeshColor = {{ 0.1, 0.5, 0.6 }},
        LabelFile = speck .. "/20Gly.label",
        TextColor = { 0.0, 0.2, 0.5, 1.0 },
        TextSize = 23.6,
        TextMinSize = 7.0,
        Unit = "Mpc"
    },
    GuiPath = "/Other/Grids"
}

assetHelper.registerSceneGraphNodesAndExport(asset, {
    ecliptic, eclipticLabels, equatorial, equatorialLabels, galactic, galacticLabels,
    plane100kly, plane1Mly, plane10Mly, plane100Mly, plane20Gly
})
