-0.632475, 0.767837, 0.10198, 0
0.771819, 0.613632, 0.16658, 0
0.0653283, 0.184068, -0.98074, 0
0, 0, 0, 1
